4409	G70	福银高速公路	2	4971	5539	80	254				169748AF121B4B6D8B6776801940B586	1	0.339
4427	G70	福银高速公路	2	4015	4620	80	376				F3DBDE00E69241E39C6641A53DBC2161	1	0.502
2915	G70	福银高速公路	2	4988	3842	80	555				F856C31B094A4FC2A60F8387F6F55A16	1	0.74
3015	G70	福银高速公路	1	3908	4515	80	4777				BD4D988715264695B37A48CF518F383D	1	6.37
3677	G70	福银高速公路	1	3852	3850	80	296				210EAA5DADD14DAC95BA51A390B3FE4C	1	0.395
3709	G70	福银高速公路	1	3971	5415	80	532				CAC4B30417274A9D9AD91EC2E526B514	1	0.71
3872	G70	福银高速公路	1	5362	3730	80	1036				C56E4BDB53784BA596B2D2BA9FF98CD3	1	1.382
3889	G70	福银高速公路	2	4210	4001	80	760				5A572FCDD20D44B4A83A896E90034056	1	1.014
3895	G70	福银高速公路	1	3730	5536	80	12537				196D138C5DC848D9B5BC9D30329BAA2D	1	16.717
4037	G70	福银高速公路	2	4502	4210	80	9960				AC5BCE8C6B53403CA60EE637B0ECD5A1	1	13.281
4069	G70	福银高速公路	1	5546	5173	80	9785				382CDC86A3A24F2A9AD3ECE0F1F3FE72	1	13.047
4245	G70	福银高速公路	1	4442	5362	80	8035				02FC4B731ABD4339A16790CA5C02B87F	1	10.714
2490	G70	福银高速公路	2	4715	4971	80	3771				D76E6F73EA1C43B9ADD72C1FD1D4061B	1	5.029
2504	G70	福银高速公路	2	4458	4788	80	2882				C5471A77A6CF4C7F80434722FEA4B06B	1	3.843
2509	G70	福银高速公路	2	4860	4861	80	275				12037E8D88F54C719BC478ACE19E8B7F	1	0.368
2559	G70	福银高速公路	2	4243	5143	80	2973				9D5BEF78539D484AA24F47B6AE2ABD3C	1	3.965
3484	G70	福银高速公路	2	3708	4472	80	12585				797EF6E8142047D3BF46CC21B4AA0BC3	1	16.781
3485	G70	福银高速公路	2	4425	3708	80	203				3EF791B9FA4F41289F362CE1E1EB6A0A	1	0.272
3486	G70	福银高速公路	2	3731	3736	80	7863				11ACE3C4E25B4AFAB0103174995ADCDE	1	10.485
3488	G70	福银高速公路	1	5026	4216	80	18343				A2CE060A213E456AAA3704724F62A85B	1	24.458
2579	G70	福银高速公路	2	4239	4649	80	478				E35ACE2A0CF54395B45EAD8E6C6AD4E6	1	0.637
2580	G70	福银高速公路	1	5145	4680	80	3021				BB2AE8898F504820939CAB4C3FD3834B	1	4.028
2811	G70	福银高速公路	1	4181	5091	80	1351				4FF134CFE61B4ACA8482B82346C51466	1	1.802
2812	G70	福银高速公路	2	5539	4666	80	1247				06E8AB7906304EDBAE9C52E3B20AD87C	1	1.663
2813	G70	福银高速公路	1	5454	4181	80	981				D50FEE1D5D93432286DE4C9C9E20ADC7	1	1.308
2814	G70	福银高速公路	2	4666	5093	80	1142				45EFEF755340429095CFCA98BC87D15F	1	1.523
2896	G70	福银高速公路	1	3733	3735	80	5373				3FEDE73148884927965BADD2AC3E36AD	1	7.165
2897	G70	福银高速公路	1	4550	3733	80	730				96CCDB9E0D4845BE83C756E6412AA2B4	1	0.974
2898	G70	福银高速公路	1	5165	3913	80	13693				D76272703BCE46E69F5BF4B3A583E597	1	18.257
2899	G70	福银高速公路	1	4515	4099	80	530				7B52A100BB594278937FD35CB91D1524	1	0.708
2909	G70	福银高速公路	2	3885	4886	80	410				82BAAD296C47483AAC60DB8178DF3C37	1	0.547
2910	G70	福银高速公路	2	3969	4762	80	700				8F3211B28E2246F491BFFBD6E460E8CD	1	0.934
2912	G70	福银高速公路	2	3909	4048	80	234				6496B7C1052540B99CCCDA0477DBCA71	1	0.313
2913	G70	福银高速公路	2	4048	5488	80	13042				8F76055D2A4F45B48E5988CC0ECBC812	1	17.39
2914	G70	福银高速公路	2	3842	3969	80	13699				A9EFFA5F3F794B7C86CB90DCD9CB3D77	1	18.266
2916	 	高桥服务区导流线	2	3842	4988	80	555				490558D8457542C4823352D061D772D5		
2917	G70	福银高速公路	2	4102	3909	80	5058				C88D407FDB4E4C6EB803FCD51188D0D5	1	6.745
2918	G70	福银高速公路	1	4013	4014	80	204				22DE999DA14E461D93B07C0440C11603	1	0.272
2919	G70	福银高速公路	1	4005	5407	80	408				6E7612443E4240B38752561FA55A505A	1	0.544
2920	G70	福银高速公路	1	5407	4550	80	13088				B1B2BDFC5CA34D5C848A2F3F38E1E0FF	1	17.451
2924	G70	福银高速公路	2	4549	4942	80	1506				722A11BDBCAE4DABA5EBF73B745F9670	1	2.009
2949	G70	福银高速公路	1	4263	3908	80	516				BDDD99CA3E0A435399BE29B9FBFF42D3	1	0.689
2958	G70	福银高速公路	1	5300	3852	80	6959				E438757510BD475595BC8B4B3E126CBA	1	9.28
2963	G70	福银高速公路	2	5504	4102	80	588				9D9EFF48ACBC4B0B89B4C79EDED4AE00	1	0.784
2964	 	洋中服务区导流线	1	4099	4515	80	530				B88D1621B5E8446F94818D8AD28F9802		
2965	 	洋中服务区导流线	2	4102	5504	80	588				3261306A60A84F1DA6AD2B424AB4B371		
2966	G70	福银高速公路	1	3764	5339	80	2207				215AF9BC8A854887850EEE5337CC79C6	1	2.943
2967	G70	福银高速公路	1	5339	3755	80	398				8831DA1DA36743FFA2E1EB56D946D324	1	0.531
2969	 	将乐服务区导流线	1	5251	5307	80	386				78FDCE81B5D64F84BA099C12F232C087		
2970	 	将乐服务区导流线	2	4621	5411	80	421				CB9C8626B9254692AB2892419A3C09F5		
2973	G70	福银高速公路	1	5251	4005	80	12156				121CCEF8F8B14F22A463395F97F43B9B	1	16.209
2978	G70	福银高速公路	1	3755	3971	80	13609				EDE263CEA36E4AC0857BCAC6DBACE8BE	1	18.145
2989	G70	福银高速公路	1	4014	5307	80	4600				3D05A963F33745278EB9A0837ED978E5	1	6.134
2991	G70	福银高速公路	2	5418	4693	80	516				E66C2FF4D7F148149B1ACEEA4F06D2DE	1	0.688
2993	G70	福银高速公路	1	5232	4263	80	13106				5E4DD2ED045C4604A7EE65F209CE1C40	1	17.476
2994	G70	福银高速公路	1	5415	5301	80	13737				C272C70848F44CF3B0EEE520C3572B4A	1	18.316
2995	G70	福银高速公路	1	5173	3764	80	281				34825A4BD64642DD9FDA9A969C49E0F1	1	0.375
2996	G70	福银高速公路	2	4693	4988	80	6878				1AFB614D81FB4387A65649CDD2C145CF	1	9.172
2997	G70	福银高速公路	2	4834	5411	80	12421				75E9291504AF4F109794C4F1EEAACB86	1	16.562
2999	G70	福银高速公路	2	4886	4501	80	2066				838837B829294E2DB074082DE0F90783	1	2.755
3000	 	沙县服务区导流线	1	3755	5339	80	398				D9FE464552C34B8B975BD1DAAAD4CDF1		
3001	G70	福银高速公路	2	4001	4120	80	5627				2190FF8D2A074100991333FA966CDDA5	1	7.503
3013	 	沙县服务区导流线	2	4886	3885	80	410				07D0F8AEFD1C472BAE4F1EEB31DA7293		
3016	G70	福银高速公路	1	4485	5026	80	167				21A7F775A3FD4E06B56D28BCC5381B5E	1	0.223
3023	G70	福银高速公路	1	5301	5300	80	441				6D97D19BDCF84F8CBBF989CDF320516E	1	0.589
3025	G70	福银高速公路	2	4762	3885	80	13441				5833A3E18D7245AFAF28D7AAD6E5CDC0	1	17.922
3027	G70	福银高速公路	1	5307	5251	80	386				98481BDB51134A74962D87D2A446D25B	1	0.515
3028	G70	福银高速公路	2	5411	4621	80	421				CB15C8981D074F28A9D9D4A7C84C6E4A	1	0.562
3029	G70	福银高速公路	2	4621	4015	80	4318				3AED060A27EC43F688C9DABCC8E07BB0	1	5.759
3030	G70	福银高速公路	2	4501	4502	80	225				20748E15EFCA4B709183A55B4AC03D07	1	0.301
3031	G70	福银高速公路	2	5507	4159	80	298				1E095614244B449D874D114CC27A6A4D	1	0.398
3032	G70	福银高速公路	2	4159	5504	80	12278				441C5763899243FFA2775F9812BD5E89	1	16.372
3033	 	高桥服务区导流线	1	5300	5301	80	441				1A3BDD62E1C04AE2961EA0D71669FADD		
3034	G70	福银高速公路	2	3736	3734	80	398				8860A2B09B1C45AA89D15E25E0C9F10E	1	0.532
3035	G70	福银高速公路	2	3734	4549	80	4607				C405F3C3EE6B42ADB4701BD5E025ECDC	1	6.143
3036	 	泰宁服务区导流线	2	3734	3736	80	398				5E359A99CA4848039F87C7B666E55405		
3037	 	泰宁服务区导流线	1	4442	3735	80	372				7402570F35A44D5FB55C17F9119B74C7		
3039	 	官洋服务区导流线	2	4337	5488	80	484				D543735FB160467AB44D7318A7D4B982		
3040	G70	福银高速公路	1	4099	4485	80	12511				8BACD3FF679E437FA7095630ADBBDB4B	1	16.683
3042	G70	福银高速公路	2	4337	5125	80	13710				11C82A6BB15544A499EACF843FFDFFC2	1	18.28
3044	G70	福银高速公路	1	3850	4013	80	16564				4CDAE30487C74F4C988F81A0334CFB4A	1	22.087
3054	G70	福银高速公路	1	3913	5232	80	470				A5AB8018BA804F919E8C5764A600542E	1	0.627
3073	G70	福银高速公路	2	4620	5418	80	16344				3FC8435FBE874F8090EEB94908E04207	1	21.793
3074	G70	福银高速公路	2	5488	4337	80	484				12FD65ED1381452896CBD39BE43D5FE9	1	0.647
3075	 	官洋服务区导流线	1	5232	3913	80	470				D5F65B94B6D4437D840CEA1CA9E4EE25		
3076	G70	福银高速公路	2	5495	4834	80	327				B022C00A550D49DFBE0E4F27DC94CC31	1	0.437
3077	G70	福银高速公路	2	4942	5495	80	12922				8546C081A13D49EABFE3CAB60F431ECE	1	17.23
3146	G70	福银高速公路	1	4937	5454	80	5647				C1B97A36A88E4F46815AD3DDDF3F3EAE	1	7.53
3147	G70	福银高速公路	1	4650	5367	80	668				B9DD6ED1A2B74C25B30636A7B74B964E	1	0.891
3267	G70	福银高速公路	1	5536	4567	80	212				707ABC2084474B3080793EBC5255ABDF	1	0.284
3270	G70	福银高速公路	1	3735	4442	80	372				58D17CF95EBC488AAF660A54EA6E08D8	1	0.497
3285	 	朱洋服务区导流线	2	3708	4425	80	203				96FAE42FC40447C7B3550791562857A7		
3293	 	朱洋服务区导流线	1	4567	5536	80	212				74E1D1F29A7E4A298D38A791FB89BDCF		
3294	G70	福银高速公路	1	4211	5546	80	648				2E261A242E6D4EF7A90EB92C9AFDEB11	1	0.865
3395	G70	福银高速公路	1	4567	4565	80	800				80CC5438AA164468A97B9B621BA0CDC5	1	1.068
3398	G70	福银高速公路	2	4472	3731	80	1153				F369AAA5D9214026B487BFCF0349E92C	1	1.538
3460	G70	福银高速公路	1	4121	4211	80	5762				8026B396CDE6492587CEDBDAD2A57EE6	1	7.684
3461	G70	福银高速公路	1	4216	4121	80	173				DBA207421431401A9A3DD82A9057F396	1	0.231
3462	G70	福银高速公路	2	4766	5507	80	18371				8A1C6B6CFC244E198780851EDB40CA32	1	24.495
3463	G70	福银高速公路	2	4120	4766	80	287				FBEB8A59212949C9AE5A1B1204AC1BDC	1	0.383
3464	 	塔前服务区导航线	1	4121	4216	80	173				3BFFEAC7069A4DD3BCABC5819A59C8A2		
3465	 	塔前服务区导航线	2	4766	4120	80	287				D6B8A177D9BE40929170414C61F65F8F		
3466	G70	福银高速公路	2	3706	4425	80	752				1C7ED53A4CD14922A2984A50C4751034	1	1.003
2223	G70	江口特大桥	1	4196	4848	80	609				D25BB534F0A843AEAE2E59F106A564DD	1	0.813
2224	G70	江口特大桥	2	4864	5392	80	641				E6C6279836A446CC98336F5F8005B650	1	0.855
2254	G70	福银高速公路	1	4680	4650	80	500				C9E3B5FEB0BD4F8BBEE52DE418784CE1	1	0.667
2255	G70	福银高速公路	2	4649	4243	80	610				41130688AAF443D68CD65BA70FF40DEA	1	0.814
2265	G70	江口特大桥	2	5392	5498	80	186				FE1EB93F343B481ABEB5DBB8573BCD2B	1	0.248
2266	G70	江口特大桥	1	4848	4190	80	306				7452F1AA76434D3B85273A213FC1770D	1	0.408
2278	G70	福银高速公路	1	4664	5452	80	3412				A5E8B99C4E6847F2A4317A14853D4B25	1	4.55
2279	G70	福银高速公路	2	4825	4783	80	19815				8EE48F1F317B4626A3DB7EE9CB29A5E4	1	26.421
2280	G70	福银高速公路	2	4788	4825	80	299				734EE3BCBE904D89B941349AEFC96D1A	1	0.399
2302	G70	福银高速公路	1	4190	5433	80	2613				5FA78EC7B6FB4A2A97BF4DFBCC9AFBBF	1	3.485
2303	G70	福银高速公路	1	4185	4937	80	335				A7ADE2B8E36F42E8BBAD4E8337CD1325	1	0.447
2316	G70	福银高速公路	2	4783	4715	80	381				35008A77080849318B83BBDC268476D4	1	0.509
2317	 	竹岐服务区导流线	2	4715	4783	80	381				2B30F816416E448FBD102421696BDF16		
2318	 	竹岐服务区导流线	1	5089	5452	80	377				76D69362579442AE9A1621183EE4251F		
2319	G70	福银高速公路	1	5049	5360	80	363				DE1DBC041B5847C6A27487A52286DD12	1	0.485
2324	G70	福银高速公路	1	5367	4196	80	8950				62D0256D3AA441658A6EF82729272031	1	11.934
2325	G70	福银高速公路	1	4973	4185	80	4144				7AF99BF4D1E14E1DA1478FC01DEDF599	1	5.526
2327	G70	福银高速公路	2	5498	4239	80	9142				E5723EA55CC84B528A936B29FD8766AA	1	12.19
2328	G70	福银高速公路	1	5433	4973	80	498				7AA95A85B74E4EA2BE0B0A961F22E352	1	0.665
2329	G70	福银高速公路	2	4188	4189	80	451				9FA2F0B33E5F41B38C88BDCE6405E16B	1	0.603
2330	G70	福银高速公路	2	4189	4864	80	2591				FFC34FF9776C4F34A4D97F051A425776	1	3.456
2331	 	上街服务区导流线	1	4973	5433	80	498				24EC59C41DD1409682B98FC368EBA9DA		
2332	 	上街服务区导流线	2	4189	4188	80	451				3A583DF232CF4664BAEE1FE70DF29B55		
2333	G70	福银高速公路	1	5091	4664	80	410				A27824E7F250405084A47AAA8C0CC752	1	0.548
2366	G70	福银高速公路	2	5125	3890	80	540				9690741D60924446903DB39E88F752E6	1	0.72
2367	G70	福银高速公路	1	3889	5165	80	190				EE41D5519F7A4BBE98ADFF608D1F45D7	1	0.253
2404	G70	福银高速公路	1	4391	5346	80	345				8FF9A7D946CE4A409DDA18C389C37FE4	1	0.46
2405	G70	福银高速公路	1	5346	5049	80	2713				FF711894D7954EED9E6EB2550EBE63EC	1	3.619
2439	G70	福银高速公路	2	5093	4860	80	5284				F71E4814D73742B4BE61074F5B2D5129	1	7.046
2440	G70	福银高速公路	1	5452	5089	80	377				CD249C2C2CCB4FC0A568E3EAA4FCEDF9	1	0.504
2441	G70	福银高速公路	1	5089	4391	80	20045				4364826FE99E4B79A46276CD55D8ABC1	1	26.727
2443	 	白樟服务区导流线	1	5360	5049	80	363				EC371A95B2DC44A898CA53E6B0184D8D		
2444	 	白樟服务区导流线	2	4458	4457	80	385				295E037B66BB4C189798FC047F3C86E4		
2464	G70	福银高速公路	2	4861	4188	80	4484				C09F009AA5914097B984549BFFD7CE4B	1	5.98
2469	G70	福银高速公路	2	3890	4457	80	5876				08C42246C7F54F19AD16D6644561B0BE	1	7.835
2480	G70	福银高速公路	1	5360	3889	80	6207				7D917562137A468E9274DB25994C52CB	1	8.277
2481	G70	福银高速公路	2	4457	4458	80	385				09FECEB7D607460F9A8A70B85CBD4F1F	1	0.515
