ID	ROAD_NODE_ID	ROAD_NODE_NAME	ROAD_NODE_KM	ROAD_DIRECTION	longitude	latitude	SDE_ID	cell_id	length
0	4549	朱口枢纽	309009.8438	2	117.2751005	26.97252861	1D6EEFDD1BB34218BC315CA97B5956E3	10761	0.850472
0	3733	朱口枢纽	307937.5938	1	117.2749223	26.96290045	063E92950D7741619E6DDC363130583E	10761	0.568516
0	4942	朱口枢纽	307000.5625	2	117.281156	26.95683709	B34C7CE80BBB4E148BDE65D1FF72BAF8	10761	1.30388
0	4550	朱口枢纽	306964.0313	1	117.2815374	26.95684941	88D49B2BA06043608BDD16C939D22681	10761	1.341754
1	5495	万安出入口立交桥	289770.2188	2	117.4267356	26.88649772	BA7A4394D2204E73BC7AAB23CBE3FA06	30271	0.963903
1	5407	万安出入口立交桥	289513.0938	1	117.4275121	26.88429121	951FAD1FCBBB40E48B5E35F165F45E6C	30271	1.220593
1	4834	万安出入口立交桥	289333.5313	2	117.4277966	26.88267334	3EFA2ACC5D4C49F2A3CC01B0A03EE287	30271	1.372221
1	4005	万安出入口立交桥	288969	1	117.4288957	26.87954249	3FBB4D419D11497CAB6482D7CB290D67	30271	1.697572
2	5411	将乐服务区导流线	272771.3125	2	117.5165743	26.76926963	BAA4C69D4FE548B682B65AF3BC6A9DB6	44071	0.562922
2	5251	将乐服务区导流线	272760.1875	1	117.5167344	26.76934728	150162A936704B45A170F524A186753C	44071	0.574623
2	5307	将乐服务区导流线	272245	1	117.5213728	26.76727035	A33292EA3BC24BF09663EBF91632F005	44071	1.107205
2	4621	将乐服务区导流线	272209.2188	2	117.5216375	26.76700487	E1FD2FFCBCB04128BD0F2D7E366B7A6A	44071	1.146723
3	4015	将乐、玉华洞出入口立交桥	266450.7188	2	117.5175278	26.72153193	100F39084EF242238B2E685C88F556AA	12332	3.688458
3	4014	将乐、玉华洞出入口立交桥	266110.9688	1	117.5164161	26.71858617	EE637527702F4613ADBF8597C708F47B	12332	4.021515
3	4620	将乐、玉华洞出入口立交桥	265948.2813	2	117.515642	26.71727754	0B36068D0E524F618E92A4BC3CFA7ABF	12332	4.202661
3	4013	将乐、玉华洞出入口立交桥	265838.5313	1	117.515422	26.71629198	CD66C85609EC4D3B9D18CF33DC1F8A5C	12332	4.300637
4	5418	夏茂出入口立交桥	244155.4063	2	117.6651155	26.60561043	C4DF2E37D3774E1489087A2A11371582	41261	2.096816
4	3850	夏茂出入口立交桥	243752	1	117.6685795	26.60362558	4F85E8B59404408AA93CDA5D30F20A54	41261	0.033623
4	4693	夏茂出入口立交桥	243467	2	117.6712627	26.60262653	3CF58FE19A8F4AE89BA062A6E0A94EF1	41261	0.302244
4	3852	夏茂出入口立交桥	243356.75	1	117.672383	26.60257798	B9D4F07E1D774A8C946FCBD85CAFD1CE	41261	0.413844
5	4988	高桥服务区导流线	234295.25	2	117.7521887	26.57276953	5B7F3E62CF214B359FE62E184BBDBA7B	33981	0.588426
5	5300	高桥服务区导流线	234076.7813	1	117.7542556	26.57225368	A0D0F7917F024BC8B350A6CD0452D372	33981	0.820215
5	3842	高桥服务区导流线	233555.1719	2	117.7589633	26.57037639	FCC865762A204B03AD7150AE5399BC0C	33981	1.341737
5	5301	高桥服务区导流线	233487.6719	1	117.7596137	26.57020437	44DBA7809F184E239E9B91366B750C61	33981	1.406916
6	3969	际口枢纽互通立交桥	215289	2	117.8105362	26.43367273	6E90C77CCA604F76BEA4399D5161F7AF	31067	1.765819
6	5415	际口枢纽互通立交桥	215171.1875	1	117.8109262	26.43263199	BCF82BD96DC44007A62E1340924EAAAC	31067	1.889719
6	3971	际口枢纽互通立交桥	214461.2188	1	117.8147562	26.42759515	5D5D01130D994EDC98ED69B414BD872A	31067	2.323045
6	4762	际口枢纽互通立交桥	214354.9063	2	117.815639	26.4270166	C37D4D62B16A4A89B2507B84E73C7E86	31067	2.384737
7	3885	沙县服务区导流线	196433.1094	2	117.9612647	26.50199175	293A8981EA0340FB932604ADB50D7C0E	30981	0.002542
7	3755	沙县服务区导流线	196315.875	1	117.9623739	26.50238918	588B04A2C4A045E7A99BE31BD0E126EE	30981	0.117453
7	4886	沙县服务区导流线	195886.1094	2	117.9665931	26.50327859	CFD71F0A282C4153A9F935F65E505B0A	30981	0.621774
7	5339	沙县服务区导流线	195784.4219	1	117.9675589	26.50364133	06D8538EBF974507B33025456B97BE4A	30981	0.720194
8	4501	青州、高砂出入口立交桥	193130.9844	2	117.9931481	26.50825162	EDCF8E933D6C47C5ABE0747835A32A62	30981	3.130218
8	3764	青州、高砂出入口立交桥	192841.25	1	117.995409	26.51003269	D9FBC4FA40AB4C05A4D44A0E3CE608BE	30981	3.581756
8	4502	青州、高砂出入口立交桥	192830.2656	2	117.9956127	26.50991086	5AFEE32C03954C989C6D60E8BC0F8CBE	30981	3.597468
8	5173	青州、高砂出入口立交桥	192465.8906	1	117.9986744	26.51191761	145892BDFB6F4207AEF45B1A5DADF840	30981	4.262946
9	4210	跃村枢纽互通立交桥	179549.125	2	118.1171569	26.51557622	B4B4E353AE4A402A8A5C1A093AA6B1B5	13291	0.50424
9	5546	跃村枢纽互通立交桥	179419	1	118.1184087	26.51547893	C5BFE4F419EA44A1953281D2FCA6C174	13291	0.607376
9	4211	跃村枢纽互通立交桥	178553.7813	1	118.1248328	26.5106539	EB93E6F95FB042B8AE5551A2E74C804C	13291	1.333223
9	4001	跃村枢纽互通立交桥	178535.5781	2	118.1246482	26.51039364	1549442C70664E55B93ED4657D6B5F2A	13291	1.370961
10	4120	塔前服务区导航线	171032.2813	2	118.1446121	26.45094358	F8275F11EEA242F19BCB2DD083D13A77	59181	0.61561
10	4121	塔前服务区导航线	170869.9844	1	118.1452148	26.44954937	DF3DD57CE57F49E4AD6788092EB3B9DC	59181	1.113483
10	4766	塔前服务区导航线	170648.8125	2	118.145732	26.44752557	F40B63B173CE431A9F4EFD32C2310302	59181	1.265272
10	4216	塔前服务区导航线	170639.1719	1	118.1458848	26.44749288	B3840092FC74480484CA04A3D3BD4C8F	59181	1.280933
11	5026	尤溪出入口立交桥	146181.4375	1	118.2812639	26.30105268	41B897C8FB344BB7A890EDE76FBF4D65	33561	0.141334
11	5507	尤溪出入口立交桥	146153.625	2	118.2811377	26.30054888	D4A7BAAAEC0B4F97A2241247A03C930F	33561	0.191138
11	4485	尤溪出入口立交桥	145958	1	118.2826624	26.29948867	CC5B40B79A5C4C6A930A24F508965379	33561	0.33482
11	4159	尤溪出入口立交桥	145756.0156	2	118.2833025	26.29764379	982E99169516408DB7FB38DA90700792	33561	0.521353
12	5504	洋中服务区导流线	129384.1406	2	118.4171707	26.25822733	133349412C164FC28CC5A564D023610F	40301	0.182508
12	4099	洋中服务区导流线	129275.4688	1	118.4182556	26.25844932	9A2A9ABC866C4B839B4327A707A07798	40301	0.293063
12	4102	洋中服务区导流线	128599.9219	2	118.4249879	26.25760143	BC916AA213A1400F85651217577D35B4	40301	0.92759
12	4515	洋中服务区导流线	128567.5391	1	118.4253276	26.25768247	17E2CBB160EB4C06B8F057E66387FBF6	40301	0.961818
13	3908	洋中出入口立交桥	122197.5156	1	118.4848689	26.27110073	8C0062710FF44E96B40FCA6A45179E46	16051	0.487293
13	3909	洋中出入口立交桥	121854.8828	2	118.4881448	26.27209868	86BF5BC23F0B4095AF17A23FC7A17DAD	16051	0.868973
13	4048	洋中出入口立交桥	121542.1172	2	118.4911133	26.2728826	3E143A1E404E4FDB96930F68496F418F	37601	0.182365
13	4263	洋中出入口立交桥	121508.2188	1	118.4913899	26.2731711	2941A054EEDB4368912EC382C6783F06	37601	0.217371
14	5488	官洋服务区导流线	104152.2734	2	118.610408	26.25851586	B2D57831E95242BEA83113A42D12D3E5	37582	0.103744
14	5232	官洋服务区导流线	104032.625	1	118.6101211	26.25746378	2244C80B67E740758A8485B7925BA573	37582	0.22169
14	4337	官洋服务区导流线	103505.7656	2	118.608287	26.25301367	7193160155CD44119AB85973FB488788	37582	0.973747
14	3913	官洋服务区导流线	103405.3438	1	118.6082094	26.25209152	613FD85003F64A4697E95E5D2AFF81EB	37582	1.076115
15	5125	金沙出入口立交桥	85225.45313	2	118.7280011	26.18171205	B6C1697117044E0B95511E167B65FACF	28641	0.257449
15	5165	金沙出入口立交桥	85148	1	118.7287558	26.18151037	592A8B193DC14D549A4A35E8F7ACAE01	28641	0.325174
15	3889	金沙出入口立交桥	84894.61719	1	118.7305616	26.1798421	F05C00726E7B4A48ADA5F35CE0D68231	28641	0.598595
15	3890	金沙出入口立交桥	84505	2	118.7328217	26.17690239	1A8274B44B0A4ACE99DBBABDE70A7F58	28641	1.013251
16	4457	白樟服务区导流线	76670	2	118.8026465	26.18646813	73F6860101B04E2CA509C85DBB64B66F	1741	0.998768
16	5360	白樟服务区导流线	76618.01563	1	118.8031597	26.18659162	19D82CFEAE7145DCB71766E320AA34C0	1741	1.063832
16	4458	白樟服务区导流线	76155.375	2	118.8076534	26.18583217	AE13A165B629446B85EE2AFB055577B2	1741	1.53869
16	5049	白樟服务区导流线	76133	1	118.8078917	26.18584667	E6ECFE04A14B4884B22818A93B6F603D	1741	1.556908
17	5346	闽青出入口立交桥	72514.49219	1	118.8387674	26.17262426	089E820D1FFC4864A796AFA9672DDB24	58341	0.011766
17	4788	闽青出入口立交桥	72312.24219	2	118.8407887	26.17277429	87DEBEC525D24B079B9D1DA3C64DE8F3	58341	0.202585
17	4391	闽青出入口立交桥	72054	1	118.8433213	26.17328811	06232D95BEF04A7A85E33BFAE4901A19	58341	0.493646
17	4825	闽青出入口立交桥	71913.53125	2	118.8447302	26.17335432	6C48FD930ED642919480736B3A0FD112	58341	0.675902
18	4783	竹岐服务区导流线	45492.70313	2	119.0708103	26.1476319	2057615C8B7A443585DD81AC829C1512	13931	0.683317
18	5089	竹岐服务区导流线	45326.97266	1	119.0724493	26.14745277	698241C8507E43E489E9072070C42273	13931	0.827863
18	4715	竹岐服务区导流线	44983.60156	2	119.0754514	26.14586072	D4FDBD56BD9346A2BAB6737C9B3A908A	13931	1.181659
18	5452	竹岐服务区导流线	44823.21484	1	119.0767515	26.14503059	E026F0E01F7E47B99E7D9399EBAC50D7	13931	1.348177
19	4664	闽侯、竹岐出入口立交桥	40273	1	119.1153678	26.12502877	A054041A8CFB4697847B7CCE8F9F72BB	23731	0.79392
19	4971	闽侯、竹岐出入口立交桥	39955	2	119.1165972	26.12229778	163EDE151346430FA6BDE66D15CDD201	23731	1.203568
19	5091	闽侯、竹岐出入口立交桥	39725.39453	1	119.1178724	26.12047992	266301AF5A1A40EFB979E52BFFD76552	23731	1.452069
19	5539	闽侯、竹岐出入口立交桥	39616.21875	2	119.1183107	26.11951703	9EE4E7593E5B4D79B364F2B580479759	23731	1.547115
20	4666	白龙枢纽互通立交桥	37953.03906	2	119.1308896	26.11017139	6962FB56046443EA931BFE8D97B4EC2C	3752	0.30036
20	4181	白龙枢纽互通立交桥	37923.29297	1	119.1311913	26.11012725	E38000F0AA9A4CF78E3129B2BF61B76B	3752	0.330955
20	5454	白龙枢纽互通立交桥	36615.28516	1	119.1435511	26.10630379	486158A389234AFAB9E8BA1BDD052848	54752	1.292007
20	5093	白龙枢纽互通立交桥	36429.86719	2	119.1450834	26.10536417	464479C58D884DA4B7636C1E21AC95FB	54752	1.47661
21	4860	福州西出入口立交桥	29384	2	119.1753465	26.05533557	C9FA77CD5604456B9FB00FD7F8F4321A	54783	0.016851
21	4937	福州西出入口立交桥	29085	1	119.1771038	26.05320311	499C364FD5C840A0870B4A925AD0A544	54783	0.277087
21	4861	福州西出入口立交桥	29016.48438	2	119.1772785	26.05256552	63E216667B864C23821850A131719553	54783	0.31856
21	4185	福州西出入口立交桥	28638	1	119.1792367	26.04967835	E478C81AE5E4491BB14C4A599DB316B7	21821	0.146721
22	4973	上街服务区导流线	23111.68945	1	119.207271	26.00745237	ADE8DD408F364E8A945B7D71547263DD	21741	0.454854
22	4188	上街服务区导流线	23036.77148	2	119.207775	26.00692442	79FEC333C0814C54BB0D898D1E1AB6EE	21741	0.529041
22	5433	上街服务区导流线	22446.91602	1	119.2124861	26.00376505	5D7C7F4B465C44168D742FD839F0070D	21741	1.117129
22	4189	上街服务区导流线	22434.18555	2	119.2125097	26.00358547	39663AD712014467B316E356E7925EF0	21741	1.129866
23	4864	南屿枢纽立交桥	18978.26172	2	119.2383817	25.98308254	0CE6651DB5D34F819B033DC95E90456B	14215	1.107205
23	4190	南屿枢纽立交桥	18962.13281	1	119.238587	25.98310246	55FF7740195C4E7894433C9FAFB43296	14215	2.253928
23	4848	南屿枢纽立交桥	18554.12109	1	119.2418153	25.98082893	8B00054924AC495E8347E2A4CD31470B	23824	0.206433
23	5392	南屿枢纽立交桥	18123.54883	2	119.2452356	25.97840286	759A67E92DAE461D8E9169D807BFF6B3	23824	0.634333
23	5498	南屿枢纽立交桥	17875.10938	2	119.2473059	25.97719869	2CB4AB771EC84278877DE661E429DBAF	23824	0.879462
23	4196	南屿枢纽立交桥	17741.4707	1	119.2484891	25.97671207	BD91BE2CEF9C49F5B65411ED5FF2B923	23824	1.010085
24	5367	祥谦枢纽立交桥	5807.402832	1	119.3383822	25.92545179	8AA09937482141C9B4665EC08BACCCD0	23871	1.067876
24	4239	祥谦枢纽立交桥	5684.74707	2	119.3387163	25.92433626	34EB02D7F31946B0BE96592B701AD741	23871	1.235546
24	4649	祥谦枢纽立交桥	5047.252441	2	119.3420419	25.91924922	9F13F9ED0C644253B7D62753D1E62FDB	13961	0.181104
24	4650	祥谦枢纽立交桥	4916.501465	1	119.3430924	25.91854679	97E6A74FC2024180AD9340FEEF0B091B	13961	0.305468
24	4680	祥谦枢纽立交桥	4249.069824	1	119.3489243	25.91595639	8ADC4CDD871740C380F31B58BE876158	13961	0.941822
24	4243	祥谦枢纽立交桥	4233.259766	2	119.3490332	25.9157842	B2494CF108764BA7A61ADC0EEDE26FE6	13961	0.957224
25	5143	青口枢纽互通立交桥	268.0001221	2	119.3831731	25.89886157	E70CD7066E3E4A6A8F1E789BEFBC2180	31072	0
25	5145	青口枢纽互通立交桥	221.0000916	1	119.3837153	25.89883779	64123527397043DBBBE3174151244C7E	31072	0
