xstart	ystart	xend	yend	roadlength	cell_id	Lac_id
117.27023021600	26.96498488920	117.30930979400	26.95295223770	4.27081151244	10761,10762	22921
117.30930979400	26.95295223770	117.34287553800	26.93154371920	4.10728920037	34991	22912
117.34287553800	26.93154371920	117.36381221600	26.92832374630	2.11943065752	33911	22912
117.36381221600	26.92832374630	117.37600002600	26.92472063600	1.28467175894	40961	22912
117.37600002600	26.92472063600	117.40969512600	26.90390945320	4.18583103182	55171	22912
117.40969512600	26.90390945320	117.42007000000	26.89371800000	1.56924930565	38102,38103	22912
117.42007000000	26.89371800000	117.42433684100	26.87238132700	2.41382285510	30271,30272	22912
117.42433684100	26.87238132700	117.42517647300	26.86272095920	1.07716865653	44061	25008
117.42517647300	26.86272095920	117.43392817100	26.85527024550	1.21302771039	38981,38982	22912
117.43392817100	26.85527024550	117.44377331100	26.84483381980	1.51422098390	41271,41272,41273	22912
117.44377331100	26.84483381980	117.44955588800	26.83870394950	0.88941005313	33441	22912
117.44955588800	26.83870394950	117.47375909100	26.81814301060	3.36711287342	34361	22912
117.47375909100	26.81814301060	117.48031061700	26.80133674650	2.07670944364	40321,40322	22912
117.48031061700	26.80133674650	117.49822430800	26.78495925230	2.90543304130	31271	22912
117.49822430800	26.78495925230	117.51193579100	26.77251183160	2.00065641760	39751,39752	22912
117.51193579100	26.77251183160	117.52584878400	26.75348229480	2.69214070549	44071	22912
117.52584878400	26.75348229480	117.50721780200	26.71313410650	4.98003322236	12332	22912
117.50721780200	26.71313410650	117.50891707300	26.70457511690	1.00933098463	31163	25008
117.50891707300	26.70457511690	117.52818153300	26.69808262760	2.07371657343	45201	22912
117.52818153300	26.69808262760	117.54051659600	26.68669712710	1.86091557067	39722,39723	22912
117.54051659600	26.68669712710	117.54849014000	26.68292765450	0.89845910900	40311,40312	22912
117.54849014000	26.68292765450	117.57385114600	26.66852633130	3.04432277271	31121,31122	22912
117.57385114600	26.66852633130	117.58843835000	26.66144384180	1.66725006299	39741,39742	22912
117.58843835000	26.66144384180	117.62819782700	26.64729617290	4.25609410035	34681,34682,34683	22912
117.62819782700	26.64729617290	117.64006400000	26.63981400000	1.48267222376	40281,40282,40283	22919
117.64006400000	26.63981400000	117.64636720500	26.61334564930	3.08015580725	39151	22919
117.64636720500	26.61334564930	117.66827500000	26.60585000000	2.39415697703	51261	22919
117.66827500000	26.60585000000	117.67654968100	26.60572628300	0.82397690950	41261,41262	24706,22919
117.67654968100	26.60572628300	117.70316533000	26.60191707300	2.71085992308	39711,39712	22919
117.70316533000	26.60191707300	117.71297034300	26.59967233780	1.01418255852	33621,33622	22919
117.71297034300	26.59967233780	117.72210953900	26.59715624580	0.97564329072	44001	22919
117.72210953900	26.59715624580	117.74719696400	26.57609545640	3.46530997950	31011	22919
117.74719696400	26.57609545640	117.76847400000	26.56266600000	2.63367091711	33981,33982	22919
117.76847400000	26.56266600000	117.75624920500	26.52974605940	3.94517113936	30521,30522,47151	22919
117.75624920500	26.52974605940	117.76775460300	26.49568978200	4.16885730680	33991	22919
117.76775460300	26.49568978200	117.78166162400	26.45884742710	4.53601366105	40741	22919
117.78166162400	26.45884742710	117.80246766700	26.44534759350	2.69862950517	39621,39622	22919
117.80246766700	26.44534759350	117.82201147600	26.43172635670	3.10514539808	31067	24706
117.82201147600	26.43172635670	117.86457357700	26.44413157580	4.67903025425	37463	22919
117.86457357700	26.44413157580	117.96024641800	26.50636089550	12.47628449920	32393	22919
117.96024641800	26.50636089550	118.03834347100	26.51355468420	8.47310583522	30981	22919
118.03834347100	26.51355468420	118.05494505500	26.52082932790	1.84013451448	27041	22942
118.05494505500	26.52082932790	118.11341168600	26.51839922790	6.31699538208	13481	22942
118.11341168600	26.51839922790	118.12165769900	26.47671942840	5.15630098799	13291,13292,13293,13297	22942
118.12165769900	26.47671942840	118.13000628000	26.46352496580	1.77838936698	13641	22942
118.13000628000	26.46352496580	118.13909857200	26.45503028710	1.34911414849	15651	22942
118.13909857200	26.45503028710	118.15158664000	26.43962425920	2.26913654584	59181	22942
118.15158664000	26.43962425920	118.18640981200	26.41340575300	5.50423964713	10801,10802,10803,10807	22942
118.18640981200	26.41340575300	118.19082587900	26.40952903760	0.63563651908	13631	22942
118.19082587900	26.40952903760	118.21282151700	26.38243020280	3.72424683907	17021	22942
118.21282151700	26.38243020280	118.21357101100	26.38021006090	0.25937856637	50191	22925
118.21357101100	26.38021006090	118.21337412200	26.36013571290	2.45967820765	50192,50193	22925
118.21337412200	26.36013571290	118.22981885100	26.35966752020	1.76002915461	45081,45082	22925
118.22981885100	26.35966752020	118.24112848700	26.35288606480	1.52115071734	32162,32163	22925
118.24112848700	26.35288606480	118.25119033500	26.33183678150	2.66782063910	14641	22925
118.25119033500	26.33183678150	118.25306637200	26.32910399980	0.35989720199	33361,33362	22925
118.25306637200	26.32910399980	118.26263994300	26.31108675320	2.22743144349	33363	22925
118.26263994300	26.31108675320	118.27166916200	26.30631406500	1.06206290409	37571	22925
118.27166916200	26.30631406500	118.27811876000	26.30150731950	0.85679502846	45191	22925
118.27811876000	26.30150731950	118.29132603200	26.28707276720	2.44209127005	33561,33563	22925,25008
118.29132603200	26.28707276720	118.30345296600	26.28395494080	1.28724896593	31761	22925
118.30345296600	26.28395494080	118.31250507800	26.28900231650	1.06738725483	49371	22925
118.31250507800	26.28900231650	118.33963572400	26.28791961950	2.85495796563	32741	22925
118.33963572400	26.28791961950	118.37222461100	26.27133394770	4.36554949273	39222,39223	22925
118.37222461100	26.27133394770	118.38895508900	26.26942762080	1.83807379131	32751,32752	22925
118.38895508900	26.26942762080	118.41573310100	26.26120014830	3.03895185824	14561	22925
118.41573310100	26.26120014830	118.42591440000	26.25991930000	1.02915556733	40301	22925
118.42591440000	26.25991930000	118.44950561800	26.26610326370	2.54851770286	38991,38992	22925
118.44950561800	26.26610326370	118.47512082400	26.27191399990	2.72217536720	32761,32762	22925
118.47512082400	26.27191399990	118.47899214500	26.27355299860	0.42714668256	14651,14652	22925
118.47899214500	26.27355299860	118.48817254300	26.27642449710	0.97281320152	16051	22925
118.48817254300	26.27642449710	118.49771295000	26.29123257450	2.01928894694	37601,37602	22925
118.49771295000	26.29123257450	118.50451199000	26.29882390780	1.10852223130	40351	22925
118.50451199000	26.29882390780	118.51983068800	26.30255097860	2.07713962204	45321	22925
118.51983068800	26.30255097860	118.52851956000	26.29576469700	1.15222251288	33383	22925
118.52851956000	26.29576469700	118.56991172500	26.27554374080	4.71297732561	41291	22925
118.56991172500	26.27554374080	118.58161053500	26.27573911620	1.21490015302	37611	22925
118.58161053500	26.27573911620	118.59496455800	26.28512486540	1.80887442085	45091	22925
118.59496455800	26.28512486540	118.60558135600	26.26160664830	3.10825357241	37971	22925
118.60558135600	26.26160664830	118.60555644600	26.23772871800	2.83694195613	37582	22925
118.60555644600	26.23772871800	118.61723045200	26.22217740720	2.36436072551	45101,45102	22925
118.61723045200	26.22217740720	118.62487076400	26.21489261530	1.11182764341	29981	24838
118.62487076400	26.21489261530	118.64575070100	26.19338452140	3.16770221102	29941	24838
118.64575070100	26.19338452140	118.65564768000	26.18476330300	1.41066298234	29931	24838
118.65564768000	26.18476330300	118.67286670800	26.18482999530	1.75416811391	29971	24838
118.67286670800	26.18482999530	118.68933836100	26.19450749670	1.99468675382	60451,60452	24838
118.68933836100	26.19450749670	118.69322250300	26.19504600440	0.39339499632	28021,28022	24838
118.69322250300	26.19504600440	118.69877761300	26.19502484040	0.55548824878	60441	24838
118.69877761300	26.19502484040	118.71881072100	26.18549551430	2.94055781236	7201	24838
118.71881072100	26.18549551430	118.72566947200	26.18294604250	0.78190450630	3831,3832	24838
118.72566947200	26.18294604250	118.74045832300	26.17173767310	1.96087178499	28641	24838
118.74045832300	26.17173767310	118.75641400400	26.17383374930	1.70889589660	9921,9922	24838
118.75641400400	26.17383374930	118.76890072300	26.17964355510	1.42404235332	15031,15032,15033	24863
118.76890072300	26.17964355510	118.78438483900	26.18309036250	1.59516351409	3961	24863
118.78438483900	26.18309036250	118.79361512700	26.18885474240	1.12921069111	28223	24863
118.79361512700	26.18885474240	118.81247300400	26.18231293550	2.16117674757	1741,1742,1743	24863
118.81247300400	26.18231293550	118.81439116400	26.18072425950	0.26028236333	58711	24863
118.81439116400	26.18072425950	118.82691739300	26.17510464660	1.43849506676	3992,3993	24863
118.82691739300	26.17510464660	118.83835014100	26.17631359700	1.15308131203	60461	24863
118.83835014100	26.17631359700	118.84993817900	26.17628144140	1.16792003057	58341,58342	24863
118.84993817900	26.17628144140	118.87817757000	26.19405711940	3.56355043390	15021,15022	24863
118.87817757000	26.19405711940	118.89213456500	26.19680248420	1.42822012980	7192,7193	24863
118.89213456500	26.19680248420	118.90267120000	26.20017170000	1.18440364178	60341,60342	24863
118.90267120000	26.20017170000	118.90906415400	26.19601877030	0.79603063831	28002	24863
118.90906415400	26.19601877030	118.93473781900	26.19448651430	2.57993891858	11401	24863
118.93473781900	26.19448651430	118.95058250000	26.19352560000	1.64847093273	10901,10902,10903	22805
118.95058250000	26.19352560000	118.97599550000	26.19136870000	2.96377585027	14032	22805
118.97599550000	26.19136870000	118.97900878900	26.19001007600	0.34303886539	14101,14102	22805
118.97900878900	26.19001007600	118.99213726800	26.19094146380	1.42817395615	61111,61112	22805
118.99213726800	26.19094146380	119.00100202700	26.19094671780	0.94090718093	30211,30212	22805
119.00100202700	26.19094671780	119.00584458200	26.18716622150	0.64036241583	61371	22805
119.00584458200	26.18716622150	119.01758980900	26.18207873700	1.31900502858	9564,9565	22805
119.01758980900	26.18207873700	119.03791107900	26.16929856400	2.52629827001	23711,23712	22805
119.03791107900	26.16929856400	119.04298942000	26.16431095270	0.75049582686	61131,61132	22805
119.04298942000	26.16431095270	119.06524693400	26.15081193270	3.30987860525	7081	22805
119.06524693400	26.15081193270	119.07823328400	26.14358516930	1.55094082027	13931,13932,13933	22805
119.07823328400	26.14358516930	119.10568967000	26.13292825090	2.99133845377	61201	22805
119.10568967000	26.13292825090	119.10890195600	26.12987673210	0.46899123204	58501	22805
119.10890195600	26.12987673210	119.12529014600	26.11345099480	2.50105194099	23731,23732,23733	22808
119.12529014600	26.11345099480	119.12825678200	26.11237363880	0.32189461782	30243	22805
119.12825678200	26.11237363880	119.13213107200	26.11161241030	0.39671489236	3752	22805
119.13213107200	26.11161241030	119.15231305400	26.10142433820	2.32601410966	54752,54753	22958
119.15231305400	26.10142433820	119.16783990000	26.08748070000	2.27720181722	21571,21572	22958,24582
119.16783990000	26.08748070000	119.16964573100	26.08081450190	0.76045773617	23793	22958
119.16964573100	26.08081450190	119.16998284800	26.07158133990	1.04400166203	3742,3743,3744,3745	24582
119.16998284800	26.07158133990	119.16916456600	26.06901413880	0.29605141974	56442,56443	24582
119.16916456600	26.06901413880	119.16878125200	26.06202148400	0.78829263394	30391	24582
119.16878125200	26.06202148400	119.17342718200	26.05413683240	0.99378352739	23851,23852	24582
119.17342718200	26.05413683240	119.17549274300	26.04973227920	0.53085443105	54783	24582
119.17549274300	26.04973227920	119.18349229700	26.03743750150	1.60183014528	21821,21822,21823	24582
119.18349229700	26.03743750150	119.18662775300	26.03404443950	0.48977970250	31672	24794
119.18662775300	26.03404443950	119.18754348400	26.03305347260	0.14304470661	30371,30373,30375	24794
119.18754348400	26.03305347260	119.19249308900	26.02765233370	0.77712111753	30135	24794
119.19249308900	26.02765233370	119.19511377000	26.02337800790	0.54399555105	30742	24794
119.19511377000	26.02337800790	119.20344653700	26.00963568820	1.76457386027	10922,10923	24794
119.20344653700	26.00963568820	119.21907116600	25.99880132170	1.97215763256	21741,21742,21743	24793,22814
119.21907116600	25.99880132170	119.22389912600	25.99518158130	0.62923378903	31452,31453	22814
119.22389912600	25.99518158130	119.23656757300	25.98413111780	1.77177471865	30073	22814
119.23656757300	25.98413111780	119.24006709600	25.98180709030	0.43507263797	14215	22814
119.24006709600	25.98180709030	119.25193392100	25.97553412450	1.37800653641	23824,23826	24793,22814
119.25193392100	25.97553412450	119.27885234200	25.97011115770	2.78018544859	53845	22814
119.27885234200	25.97011115770	119.30219874900	25.96569087190	2.49188223228	23701,23702	22814
119.30219874900	25.96569087190	119.32657385900	25.95263634120	2.87230591578	30251,30252	22951
119.32657385900	25.95263634120	119.33166115400	25.93249268710	2.36058300000	14082,14083	22951
119.33166115400	25.93249268710	119.34027053200	25.92013626130	1.66527200000	23871,23872,23873	22951
119.34027053200	25.92013626130	119.36179264500	25.91223167150	2.31422500000	13961,13966	24793,22951
119.36179264500	25.91223167150	119.36846579600	25.90876699900	0.77135700000	5222,5223	22951
119.36846579600	25.90876699900	119.37811690000	25.90186910000	1.17005155141	31072,31273	22951